1 1 -16.404028 
1 2 -16.404028 
1 3 -13.184866 
1 4 -13.184866 
2 1 -16.402883 
2 2 -16.402883 
2 3 -13.183551 
2 4 -13.183551 
3 1 -16.408310 
3 2 -16.408310 
3 3 -13.179592 
3 4 -13.179592 
4 1 -16.401275 
4 2 -16.401275 
4 3 -13.179624 
4 4 -13.179624 
5 1 -16.408520 
5 2 -16.408520 
5 3 -13.173234 
5 4 -13.173234 
6 1 -16.421448 
6 2 -16.421448 
6 3 -13.163272 
6 4 -13.163272 
7 1 -16.434978 
7 2 -16.434978 
7 3 -13.152136 
7 4 -13.152136 
8 1 -16.429363 
8 2 -16.429363 
8 3 -13.148164 
8 4 -13.148164 
9 1 -16.447499 
9 2 -16.447499 
9 3 -13.131658 
9 4 -13.131658 
10 1 -16.462875 
10 2 -16.462875 
10 3 -13.113298 
10 4 -13.113298 
11 1 -16.450625 
11 2 -16.450625 
11 3 -13.105006 
11 4 -13.105006 
12 1 -16.401314 
12 2 -16.401314 
12 3 -13.113089 
12 4 -13.113089 
13 1 -16.420444 
13 2 -16.420444 
13 3 -13.099694 
13 4 -13.099694 
14 1 -16.362806 
14 2 -16.362806 
14 3 -13.116612 
14 4 -13.116612 
15 1 -16.303459 
15 2 -16.303459 
15 3 -13.141140 
15 4 -13.141140 
16 1 -16.242606 
16 2 -16.242606 
16 3 -13.168089 
16 4 -13.168089 
17 1 -16.179497 
17 2 -16.179497 
17 3 -13.197697 
17 4 -13.197697 
18 1 -16.113658 
18 2 -16.113658 
18 3 -13.229782 
18 4 -13.229782 
19 1 -16.044687 
19 2 -16.044687 
19 3 -13.264619 
19 4 -13.264619 
20 1 -15.971944 
20 2 -15.971944 
20 3 -13.302218 
20 4 -13.302218 
21 1 -15.895323 
21 2 -15.895323 
21 3 -13.342656 
21 4 -13.342656 
22 1 -15.814414 
22 2 -15.814414 
22 3 -13.386209 
22 4 -13.386209 
23 1 -15.728909 
23 2 -15.728909 
23 3 -13.432655 
23 4 -13.432655 
24 1 -15.638597 
24 2 -15.638597 
24 3 -13.482372 
24 4 -13.482372 
25 1 -15.543167 
25 2 -15.543167 
25 3 -13.535138 
25 4 -13.535138 
26 1 -15.442431 
26 2 -15.442431 
26 3 -13.591074 
26 4 -13.591074 
27 1 -15.336179 
27 2 -15.336179 
27 3 -13.650259 
27 4 -13.650259 
28 1 -15.224209 
28 2 -15.224209 
28 3 -13.712793 
28 4 -13.712793 
29 1 -15.106309 
29 2 -15.106309 
29 3 -13.778355 
29 4 -13.778355 
30 1 -14.982291 
30 2 -14.982291 
30 3 -13.847166 
30 4 -13.847166 
31 1 -14.851964 
31 2 -14.851964 
31 3 -13.919149 
31 4 -13.919149 
32 1 -14.715105 
32 2 -14.715105 
32 3 -13.994161 
32 4 -13.994161 
33 1 -14.571535 
33 2 -14.571535 
33 3 -14.072147 
33 4 -14.072147 
34 1 -14.421051 
34 2 -14.421051 
34 3 -14.152907 
34 4 -14.152907 
35 1 -14.263550 
35 2 -14.263550 
35 3 -14.236443 
35 4 -14.236443 
36 1 -14.098841 
36 2 -14.098841 
36 3 -14.322579 
36 4 -14.322579 
37 1 -13.926619 
37 2 -13.926619 
37 3 -14.410915 
37 4 -14.410915 
38 1 -13.746780 
38 2 -13.746780 
38 3 -14.501355 
38 4 -14.501355 
39 1 -13.671638 
39 2 -8.559138 
39 3 -18.468646 
39 4 -14.568646 
40 1 -13.588488 
40 2 -8.363488 
40 3 -18.474789 
40 4 -14.537289 
41 1 -13.434629 
41 2 -8.159629 
41 3 -18.469611 
41 4 -14.482111 
42 1 -13.422263 
42 2 -7.947263 
42 3 -18.477438 
42 4 -14.477438 
43 1 -13.338877 
43 2 -7.726377 
43 3 -18.473076 
43 4 -14.448076 
44 1 -13.121767 
44 2 -7.496767 
44 3 -18.468250 
44 4 -14.368250 
45 1 -13.095733 
45 2 -7.258233 
45 3 -18.474913 
45 4 -14.362413 
46 1 -13.010657 
46 2 -7.010657 
46 3 -18.467469 
46 4 -14.329969 
47 1 -12.778823 
47 2 -6.753823 
47 3 -18.470050 
47 4 -14.245050 
48 1 -12.737806 
48 2 -6.487806 
48 3 -18.469359 
48 4 -14.231859 
49 1 -12.624998 
49 2 -6.212498 
49 3 -18.476975 
49 4 -14.189475 
50 1 -12.352856 
50 2 -5.927856 
50 3 -18.467080 
50 4 -14.092080 
51 1 -12.271449 
51 2 -5.633949 
51 3 -18.475901 
51 4 -14.063401 
52 1 -12.055939 
52 2 -5.330939 
52 3 -18.477468 
52 4 -12.452468 
53 1 -12.056578 
53 2 -5.019078 
53 3 -18.470583 
53 4 -12.445583 
54 1 -12.061221 
54 2 -4.698721 
54 3 -18.466493 
54 4 -12.453993 
55 1 -12.057803 
55 2 -4.370303 
55 3 -18.476447 
55 4 -12.451447 
56 1 -12.059267 
56 2 -4.034267 
56 3 -18.474062 
56 4 -12.449062 
57 1 -12.016449 
57 2 -3.691449 
57 3 -18.470728 
57 4 -12.395728 
58 1 -11.905183 
58 2 -3.342683 
58 3 -18.477502 
58 4 -12.265002 
59 1 -11.688901 
59 2 -2.988901 
59 3 -18.468264 
59 4 -12.018264 
60 1 -11.631240 
60 2 -2.631240 
60 3 -18.466859 
60 4 -10.829359 
61 1 -11.633441 
61 2 -2.270941 
61 3 -18.472105 
61 4 -10.772105 
62 1 -11.634551 
62 2 -1.909551 
62 3 -18.470739 
62 4 -10.695739 
63 1 -11.548428 
63 2 -1.548428 
63 3 -18.474467 
63 4 -10.599467 
64 1 -11.189336 
64 2 -1.189336 
64 3 -18.470117 
64 4 -10.482617 
65 1 -10.833863 
65 2 -0.833863 
65 3 -18.469766 
65 4 -10.344766 
66 1 -10.483703 
66 2 -0.483703 
66 3 -18.473516 
66 4 -10.186016 
67 1 -10.140555 
67 2 -0.140555 
67 3 -18.468590 
67 4 -10.006090 
68 1 -9.806176 
68 2 0.193824 
68 3 -18.468031 
68 4 -9.805531 
69 1 -9.482079 
69 2 0.517921 
69 3 -18.472193 
69 4 -9.584693 
70 1 -9.169828 
70 2 0.830172 
70 3 -18.469274 
70 4 -9.344274 
71 1 -8.870884 
71 2 1.129116 
71 3 -18.472701 
71 4 -9.085201 
72 1 -8.586337 
72 2 1.413663 
72 3 -18.470994 
72 4 -8.808494 
73 1 -8.317353 
73 2 1.682647 
73 3 -18.477819 
73 4 -8.515319 
74 1 -8.064819 
74 2 1.935181 
74 3 -18.206937 
74 4 -8.206937 
75 1 -7.829528 
75 2 2.170472 
75 3 -17.884619 
75 4 -7.884619 
76 1 -7.611835 
76 2 2.388165 
76 3 -17.549873 
76 4 -7.549873 
77 1 -7.412359 
77 2 2.587641 
77 3 -17.203978 
77 4 -7.203978 
78 1 -7.231077 
78 2 2.768923 
78 3 -16.848349 
78 4 -6.848349 
79 1 -7.068139 
79 2 2.931861 
79 3 -16.484419 
79 4 -6.484419 
80 1 -6.923418 
80 2 3.076582 
80 3 -16.113413 
80 4 -6.113413 
81 1 -6.796679 
81 2 3.203321 
81 3 -15.736564 
81 4 -5.736564 
82 1 -6.687488 
82 2 3.312512 
82 3 -15.355109 
82 4 -5.355109 
83 1 -6.595380 
83 2 3.404620 
83 3 -14.970097 
83 4 -4.970097 
84 1 -6.519911 
84 2 3.480089 
84 3 -14.582570 
84 4 -4.582570 
85 1 -6.460383 
85 2 3.539617 
85 3 -14.193282 
85 4 -4.193282 
86 1 -6.416167 
86 2 3.583833 
86 3 -13.803174 
86 4 -3.803174 
87 1 -6.386433 
87 2 3.613567 
87 3 -13.412901 
87 4 -3.412901 
88 1 -6.370520 
88 2 3.629480 
88 3 -13.022904 
88 4 -3.022904 
89 1 -6.367739 
89 2 3.632261 
89 3 -12.633929 
89 4 -2.633929 
90 1 -6.377174 
90 2 3.622826 
90 3 -12.246218 
90 4 -2.246218 
91 1 -6.398181 
91 2 3.601819 
91 3 -11.860211 
91 4 -1.860211 
92 1 -6.429989 
92 2 3.570011 
92 3 -11.476042 
92 4 -1.476042 
93 1 -6.471750 
93 2 3.528250 
93 3 -11.093949 
93 4 -1.381449 
94 1 -6.522839 
94 2 3.477161 
94 3 -10.714162 
94 4 -1.389162 
95 1 -6.582555 
95 2 3.417445 
95 3 -10.336511 
95 4 -1.386511 
96 1 -6.650150 
96 2 3.349850 
96 3 -9.961213 
96 4 -1.386213 
97 1 -6.725069 
97 2 3.274931 
97 3 -9.588101 
97 4 -1.388101 
98 1 -6.806585 
98 2 3.193415 
98 3 -9.217093 
98 4 -1.379593 
99 1 -6.894095 
99 2 3.105905 
99 3 -8.848110 
99 4 -1.385610 
100 1 -6.987072 
100 2 3.012928 
100 3 -8.480961 
100 4 -1.380961 
101 1 -7.084912 
101 2 2.915088 
101 3 -8.115463 
101 4 -1.377963 
102 1 -7.187037 
102 2 2.812963 
102 3 -7.751437 
102 4 -1.388937 
103 1 -7.292896 
103 2 2.707104 
103 3 -7.388479 
103 4 -1.388479 
104 1 -7.402134 
104 2 2.597866 
104 3 -7.026615 
104 4 -1.389115 
105 1 -7.514124 
105 2 2.485876 
105 3 -6.665245 
105 4 -1.377745 
106 1 -7.628342 
106 2 -2.478342 
106 3 -6.304370 
106 4 -0.504370 
107 1 -7.744331 
107 2 -2.494331 
107 3 -5.943409 
107 4 0.044091 
108 1 -7.861669 
108 2 -2.499169 
108 3 -5.582259 
108 4 0.217741 
109 1 -7.979653 
109 2 -2.517153 
109 3 -5.220521 
109 4 0.829479 
110 1 -8.098007 
110 2 -2.523007 
110 3 -4.857904 
110 4 1.042096 
111 1 -8.216032 
111 2 -2.541032 
111 3 -4.494007 
111 4 1.655993 
112 1 -8.333328 
112 2 -2.558328 
112 3 -4.128525 
112 4 2.258975 
113 1 -8.449197 
113 2 -2.574197 
113 3 -3.761056 
113 4 2.801444 
114 1 -8.563165 
114 2 -2.588165 
114 3 -3.391399 
114 4 6.608601 
115 1 -8.674533 
115 2 -2.587033 
115 3 -3.019145 
115 4 6.980855 
116 1 -8.782728 
116 2 -2.582728 
116 3 -2.643989 
116 4 7.356011 
117 1 -8.886978 
117 2 -2.586978 
117 3 -2.265624 
117 4 7.734376 
118 1 -8.986487 
118 2 -2.586487 
118 3 -1.883833 
118 4 8.116167 
119 1 -9.080582 
119 2 -2.580582 
119 3 -1.498300 
119 4 8.501700 
120 1 -9.168293 
120 2 -2.580793 
120 3 -1.108806 
120 4 8.891194 
121 1 -9.248748 
121 2 -2.586248 
121 3 -0.715128 
121 4 9.284872 
122 1 -9.320951 
122 2 -2.583451 
122 3 -0.317330 
122 4 9.682670 
123 1 -9.383777 
123 2 -2.121277 
123 3 3.034913 
123 4 10.084913 
124 1 -9.436107 
124 2 -1.698607 
124 3 3.091352 
124 4 10.491352 
125 1 -9.476613 
125 2 -1.626613 
125 3 3.101432 
125 4 10.901432 
126 1 -9.503942 
126 2 -1.166442 
126 3 3.164411 
126 4 11.314411 
127 1 -9.516839 
127 2 -0.679339 
127 3 3.229361 
127 4 11.729361 
128 1 -9.513767 
128 2 -0.563767 
128 3 3.245165 
128 4 12.145165 
129 1 -9.493536 
129 2 -0.081036 
129 3 3.310512 
129 4 12.560512 
130 1 -9.454997 
130 2 0.395003 
130 3 3.374096 
130 4 12.974096 
131 1 -9.397167 
131 2 0.602833 
131 3 3.409207 
131 4 13.384207 
132 1 -9.319304 
132 2 0.680696 
132 3 3.789040 
132 4 13.789040 
133 1 -9.220884 
133 2 0.779116 
133 3 4.186771 
133 4 14.186771 
134 1 -9.101800 
134 2 0.898200 
134 3 4.575170 
134 4 14.575170 
135 1 -8.962292 
135 2 1.037708 
135 3 4.952379 
135 4 14.952379 
136 1 -8.802819 
136 2 1.197181 
136 3 5.316324 
136 4 15.316324 
137 1 -8.624598 
137 2 1.375402 
137 3 5.664889 
137 4 15.664889 
138 1 -8.428837 
138 2 1.571163 
138 3 5.996311 
138 4 15.996311 
139 1 -8.217595 
139 2 1.782405 
139 3 6.308923 
139 4 16.308923 
140 1 -7.992893 
140 2 2.007107 
140 3 6.601487 
140 4 16.601487 
141 1 -7.757397 
141 2 2.242603 
141 3 6.873049 
141 4 16.873049 
142 1 -7.513619 
142 2 2.486381 
142 3 7.123145 
142 4 17.123145 
143 1 -7.264451 
143 2 2.735549 
143 3 7.351442 
143 4 17.351442 
144 1 -7.012896 
144 2 2.987104 
144 3 7.558484 
144 4 17.558484 
145 1 -6.761733 
145 2 3.238267 
145 3 7.744753 
145 4 17.744753 
146 1 -6.513693 
146 2 3.486307 
146 3 7.911071 
146 4 17.911071 
147 1 -6.271458 
147 2 3.728542 
147 3 8.058928 
147 4 18.058928 
148 1 -6.037188 
148 2 3.962812 
148 3 8.189484 
148 4 18.189484 
149 1 -5.812968 
149 2 4.187032 
149 3 8.304250 
149 4 18.304250 
150 1 -5.600896 
150 2 4.399104 
150 3 8.404694 
150 4 18.404694 
151 1 -5.402261 
151 2 4.597739 
151 3 8.492196 
151 4 18.467196 
152 1 -5.218539 
152 2 4.781461 
152 3 8.568047 
152 4 18.468047 
153 1 -5.050720 
153 2 4.949280 
153 3 8.633612 
153 4 18.471112 
154 1 -4.899852 
154 2 5.100148 
154 3 8.689698 
154 4 18.477198 
155 1 -4.766402 
155 2 5.233598 
155 3 8.737183 
155 4 18.474683 
156 1 -4.651121 
156 2 5.348879 
156 3 8.776954 
156 4 18.476954 
157 1 -4.554048 
157 2 5.445952 
157 3 8.809473 
157 4 18.471973 
158 1 -4.475636 
158 2 5.524364 
158 3 8.835277 
158 4 18.472777 
159 1 -4.415704 
159 2 5.584296 
159 3 8.854711 
159 4 18.467211 
160 1 -4.374291 
160 2 5.625709 
160 3 8.867889 
160 4 18.467889 
161 1 -4.351320 
161 2 5.648680 
161 3 8.875182 
161 4 18.475182 
162 1 -4.346320 
162 2 5.653680 
162 3 8.876782 
162 4 18.476782 
163 1 -4.358920 
163 2 5.641080 
163 3 8.872782 
163 4 18.472782 
164 1 -4.388842 
164 2 5.611158 
164 3 8.863552 
164 4 18.476052 
165 1 -4.435414 
165 2 5.564586 
165 3 8.849384 
165 4 18.474384 
166 1 -4.498136 
166 2 5.501864 
166 3 8.830479 
166 4 18.467979 
167 1 -4.576243 
167 2 5.423757 
167 3 8.807353 
167 4 18.469853 
168 1 -4.669133 
168 2 5.330867 
168 3 8.780408 
168 4 18.467908 
169 1 -4.776015 
169 2 5.223985 
169 3 8.750290 
169 4 18.475290 
170 1 -4.896091 
170 2 5.103909 
170 3 8.717625 
170 4 18.467625 
171 1 -5.028360 
171 2 4.971640 
171 3 8.682938 
171 4 18.470438 
172 1 -5.172106 
172 2 4.827894 
172 3 8.647108 
172 4 18.472108 
173 1 -5.326112 
173 2 4.673888 
173 3 8.610715 
173 4 18.473215 
174 1 -5.489474 
174 2 4.510526 
174 3 8.574584 
174 4 18.474584 
175 1 -5.660959 
175 2 4.339041 
175 3 8.539348 
175 4 18.476848 
176 1 -5.839452 
176 2 4.160548 
176 3 8.505684 
176 4 18.468184 
177 1 -6.023836 
177 2 3.976164 
177 3 8.474071 
177 4 18.474071 
178 1 -6.212577 
178 2 3.787423 
178 3 8.445090 
178 4 18.445090 
179 1 -6.404670 
179 2 3.595330 
179 3 8.419040 
179 4 18.419040 
180 1 -6.598497 
180 2 3.401503 
180 3 8.396151 
180 4 18.396151 
181 1 -6.792848 
181 2 3.207152 
181 3 8.376647 
181 4 18.376647 
182 1 -6.986218 
182 2 3.013782 
182 3 8.360480 
182 4 18.360480 
183 1 -7.177505 
183 2 2.822495 
183 3 8.347575 
183 4 18.347575 
184 1 -7.365111 
184 2 2.634889 
184 3 8.337782 
184 4 18.337782 
185 1 -7.547845 
185 2 2.452155 
185 3 8.330874 
185 4 18.330874 
186 1 -7.724314 
186 2 2.275686 
186 3 8.326378 
186 4 18.326378 
187 1 -7.893428 
187 2 2.106572 
187 3 8.323992 
187 4 18.323992 
188 1 -8.053898 
188 2 1.946102 
188 3 8.323367 
188 4 18.323367 
189 1 -8.204635 
189 2 1.795365 
189 3 8.324026 
189 4 18.324026 
190 1 -8.344449 
190 2 1.655551 
190 3 8.325621 
190 4 18.325621 
191 1 -8.472248 
191 2 1.527752 
191 3 8.327750 
191 4 18.327750 
192 1 -8.587139 
192 2 1.412861 
192 3 8.330164 
192 4 18.330164 
193 1 -8.688128 
193 2 1.311872 
193 3 8.332586 
193 4 18.332586 
194 1 -8.774317 
194 2 1.225683 
194 3 8.334691 
194 4 18.334691 
195 1 -8.844709 
195 2 1.155291 
195 3 8.336477 
195 4 18.336477 
196 1 -8.898704 
196 2 1.101296 
196 3 8.337845 
196 4 18.337845 
197 1 -8.935301 
197 2 1.064699 
197 3 8.338691 
197 4 18.338691 
198 1 -8.954000 
198 2 1.046000 
198 3 8.339115 
198 4 18.339115 
199 1 -8.954000 
199 2 1.046000 
199 3 8.339115 
199 4 18.339115 
200 1 -8.954000 
200 2 1.046000 
200 3 8.339115 
200 4 18.339115 
