1 1 -18.661571 
1 2 -18.661571 
1 3 -12.552270 
1 4 -12.552270 
2 1 -18.659029 
2 2 -18.659029 
2 3 -12.545990 
2 4 -12.545990 
3 1 -18.661823 
3 2 -18.661823 
3 3 -12.532786 
3 4 -12.532786 
4 1 -18.653490 
4 2 -18.653490 
4 3 -12.528313 
4 4 -12.528313 
5 1 -18.655386 
5 2 -18.655386 
5 3 -12.503701 
5 4 -12.503701 
6 1 -18.659909 
6 2 -18.659909 
6 3 -12.466154 
6 4 -12.466154 
7 1 -18.665058 
7 2 -18.665058 
7 3 -12.428654 
7 4 -12.428654 
8 1 -18.653509 
8 2 -18.653509 
8 3 -12.406642 
8 4 -12.406642 
9 1 -18.660427 
9 2 -18.660427 
9 3 -12.357300 
9 4 -12.357300 
10 1 -18.662076 
10 2 -18.662076 
10 3 -12.300775 
10 4 -12.300775 
11 1 -18.632966 
11 2 -18.632966 
11 3 -12.248228 
11 4 -12.248228 
12 1 -18.557527 
12 2 -18.557527 
12 3 -12.192529 
12 4 -12.192529 
13 1 -18.572119 
13 2 -18.572119 
13 3 -12.168580 
13 4 -12.168580 
14 1 -18.489054 
14 2 -18.489054 
14 3 -12.128813 
14 4 -12.128813 
15 1 -18.413835 
15 2 -18.413835 
15 3 -12.119870 
15 4 -12.119870 
16 1 -18.339948 
16 2 -18.339948 
16 3 -12.120311 
16 4 -12.120311 
17 1 -18.266149 
17 2 -18.266149 
17 3 -12.128789 
17 4 -12.128789 
18 1 -18.191258 
18 2 -18.191258 
18 3 -12.143384 
18 4 -12.143384 
19 1 -18.114851 
19 2 -18.114851 
19 3 -12.164119 
19 4 -12.164119 
20 1 -18.035913 
20 2 -18.035913 
20 3 -12.190142 
20 4 -12.190142 
21 1 -17.954266 
21 2 -17.954266 
21 3 -12.221303 
21 4 -12.221303 
22 1 -17.869420 
22 2 -17.869420 
22 3 -12.257657 
22 4 -12.257657 
23 1 -17.780974 
23 2 -17.780974 
23 3 -12.298764 
23 4 -12.298764 
24 1 -17.688617 
24 2 -17.688617 
24 3 -12.344789 
24 4 -12.344789 
25 1 -17.591935 
25 2 -17.591935 
25 3 -12.395300 
25 4 -12.395300 
26 1 -17.490857 
26 2 -17.490857 
26 3 -12.450622 
26 4 -12.450622 
27 1 -17.385061 
27 2 -17.385061 
27 3 -12.510627 
27 4 -12.510627 
28 1 -17.274343 
28 2 -17.274343 
28 3 -12.575415 
28 4 -12.575415 
29 1 -17.158374 
29 2 -17.158374 
29 3 -12.644464 
29 4 -12.644464 
30 1 -17.037071 
30 2 -17.037071 
30 3 -12.718203 
30 4 -12.718203 
31 1 -16.910347 
31 2 -16.910347 
31 3 -12.796767 
31 4 -12.796767 
32 1 -16.777738 
32 2 -16.777738 
32 3 -12.879609 
32 4 -12.879609 
33 1 -16.639273 
33 2 -16.639273 
33 3 -12.967095 
33 4 -12.967095 
34 1 -16.494726 
34 2 -16.494726 
34 3 -13.059037 
34 4 -13.059037 
35 1 -16.343968 
35 2 -16.343968 
35 3 -13.155451 
35 4 -13.155451 
36 1 -16.186881 
36 2 -16.186881 
36 3 -13.256384 
36 4 -13.256384 
37 1 -16.023122 
37 2 -16.023122 
37 3 -13.361459 
37 4 -13.361459 
38 1 -15.852539 
38 2 -15.852539 
38 3 -13.470599 
38 4 -13.470599 
39 1 -15.675100 
39 2 -15.675100 
39 3 -13.583998 
39 4 -13.583998 
40 1 -15.490525 
40 2 -15.490525 
40 3 -13.701191 
40 4 -13.701191 
41 1 -15.298635 
41 2 -15.298635 
41 3 -13.822249 
41 4 -13.822249 
42 1 -15.099125 
42 2 -15.099125 
42 3 -13.946755 
42 4 -13.946755 
43 1 -14.891866 
43 2 -14.891866 
43 3 -14.074557 
43 4 -14.074557 
44 1 -14.676614 
44 2 -14.676614 
44 3 -14.205147 
44 4 -14.205147 
45 1 -14.453180 
45 2 -14.453180 
45 3 -14.338465 
45 4 -14.338465 
46 1 -14.221252 
46 2 -14.221252 
46 3 -14.473977 
46 4 -14.473977 
47 1 -13.980477 
47 2 -13.980477 
47 3 -14.611094 
47 4 -14.611094 
48 1 -13.893183 
48 2 -8.730683 
48 3 -18.474082 
48 4 -14.649082 
49 1 -13.721678 
49 2 -8.471678 
49 3 -18.475251 
49 4 -14.587751 
50 1 -13.828020 
50 2 -8.203020 
50 3 -18.476119 
50 4 -14.626119 
51 1 -13.624467 
51 2 -7.924467 
51 3 -18.475692 
51 4 -14.550692 
52 1 -13.473317 
52 2 -7.635817 
52 3 -18.473263 
52 4 -14.498263 
53 1 -13.286863 
53 2 -7.336863 
53 3 -18.467658 
53 4 -14.430158 
54 1 -13.227517 
54 2 -7.027517 
54 3 -18.470589 
54 4 -14.408089 
55 1 -13.120100 
55 2 -6.707600 
55 3 -18.467809 
55 4 -14.367809 
56 1 -12.914502 
56 2 -6.377002 
56 3 -18.470601 
56 4 -14.295601 
57 1 -12.660938 
57 2 -6.035938 
57 3 -18.477744 
57 4 -14.202744 
58 1 -12.584605 
58 2 -5.684605 
58 3 -18.474902 
58 4 -14.174902 
59 1 -12.335793 
59 2 -5.323293 
59 3 -18.473237 
59 4 -14.085737 
60 1 -12.065008 
60 2 -4.952508 
60 3 -18.471090 
60 4 -12.458590 
61 1 -12.060442 
61 2 -4.572942 
61 3 -18.466480 
61 4 -12.453980 
62 1 -12.060625 
62 2 -4.185625 
62 3 -18.470525 
62 4 -12.458025 
63 1 -12.066520 
63 2 -3.791520 
63 3 -18.469039 
63 4 -12.456539 
64 1 -12.042023 
64 2 -3.392023 
64 3 -18.473144 
64 4 -12.435644 
65 1 -11.901113 
65 2 -2.988613 
65 3 -18.468742 
65 4 -12.268742 
66 1 -11.682942 
66 2 -2.582942 
66 3 -18.467487 
66 4 -12.004987 
67 1 -11.639178 
67 2 -2.176678 
67 3 -18.468365 
67 4 -11.168365 
68 1 -11.634640 
68 2 -1.772140 
68 3 -18.470397 
68 4 -11.082897 
69 1 -11.370969 
69 2 -1.370969 
69 3 -18.473496 
69 4 -10.973496 
70 1 -10.975336 
70 2 -0.975336 
70 3 -18.477374 
70 4 -10.839874 
71 1 -10.587299 
71 2 -0.587299 
71 3 -18.469760 
71 4 -10.682260 
72 1 -10.208812 
72 2 -0.208812 
72 3 -18.475905 
72 4 -10.500905 
73 1 -9.841669 
73 2 0.158331 
73 3 -18.471651 
73 4 -10.296651 
74 1 -9.487601 
74 2 0.512399 
74 3 -18.470367 
74 4 -10.070367 
75 1 -9.148304 
75 2 0.851696 
75 3 -18.473049 
75 4 -9.823049 
76 1 -8.824667 
76 2 1.175333 
76 3 -18.468793 
76 4 -9.556293 
77 1 -8.518438 
77 2 1.481562 
77 3 -18.471167 
77 4 -9.271167 
78 1 -8.230336 
78 2 1.769664 
78 3 -18.469236 
78 4 -8.969236 
79 1 -7.961017 
79 2 2.038983 
79 3 -18.477241 
79 4 -8.652241 
80 1 -7.711030 
80 2 2.288970 
80 3 -18.321658 
80 4 -8.321658 
81 1 -7.480794 
81 2 2.519206 
81 3 -17.979033 
81 4 -7.979033 
82 1 -7.270488 
82 2 2.729512 
82 3 -17.625966 
82 4 -7.625966 
83 1 -7.079995 
83 2 2.920005 
83 3 -17.263964 
83 4 -7.263964 
84 1 -6.909403 
84 2 3.090597 
84 3 -16.894490 
84 4 -6.894490 
85 1 -6.758041 
85 2 3.241959 
85 3 -16.518809 
85 4 -6.518809 
86 1 -6.625962 
86 2 3.374038 
86 3 -16.138269 
86 4 -6.138269 
87 1 -6.512046 
87 2 3.487954 
87 3 -15.754033 
87 4 -5.754033 
88 1 -6.416009 
88 2 3.583991 
88 3 -15.366963 
88 4 -5.366963 
89 1 -6.337270 
89 2 3.662730 
89 3 -14.978231 
89 4 -4.978231 
90 1 -6.274761 
90 2 3.725239 
90 3 -14.588480 
90 4 -4.588480 
91 1 -6.228362 
91 2 3.771638 
91 3 -14.198553 
91 4 -4.198553 
92 1 -6.196638 
92 2 3.803362 
92 3 -13.808900 
92 4 -3.808900 
93 1 -6.179226 
93 2 3.820774 
93 3 -13.420128 
93 4 -3.420128 
94 1 -6.175272 
94 2 3.824728 
94 3 -13.032756 
94 4 -3.032756 
95 1 -6.184068 
95 2 3.815932 
95 3 -12.646898 
95 4 -2.646898 
96 1 -6.204387 
96 2 3.795613 
96 3 -12.262946 
96 4 -2.262946 
97 1 -6.236114 
97 2 3.763886 
97 3 -11.881048 
97 4 -1.881048 
98 1 -6.278266 
98 2 3.721734 
98 3 -11.501291 
98 4 -1.501291 
99 1 -6.330207 
99 2 3.669793 
99 3 -11.123788 
99 4 -1.386288 
100 1 -6.391154 
100 2 3.608846 
100 3 -10.748463 
100 4 -1.385963 
101 1 -6.460473 
101 2 3.539527 
101 3 -10.375277 
101 4 -1.387777 
102 1 -6.537778 
102 2 3.462222 
102 3 -10.004244 
102 4 -1.379244 
103 1 -6.622040 
103 2 3.377960 
103 3 -9.634950 
103 4 -1.384950 
104 1 -6.713328 
104 2 3.286672 
104 3 -9.267647 
104 4 -1.380147 
105 1 -6.810766 
105 2 3.189234 
105 3 -8.901753 
105 4 -1.389253 
106 1 -6.913586 
106 2 3.086414 
106 3 -8.537262 
106 4 -1.387262 
107 1 -7.021765 
107 2 2.978235 
107 3 -8.173786 
107 4 -1.386286 
108 1 -7.134643 
108 2 2.865357 
108 3 -7.811186 
108 4 -1.386186 
109 1 -7.251513 
109 2 2.748487 
109 3 -7.449084 
109 4 -1.386584 
110 1 -7.372320 
110 2 2.627680 
110 3 -7.087267 
110 4 -1.387267 
111 1 -7.496366 
111 2 2.503634 
111 3 -6.725320 
111 4 -1.387820 
112 1 -7.623264 
112 2 -2.473264 
112 3 -6.362913 
112 4 -0.675413 
113 1 -7.752328 
113 2 -2.489828 
113 3 -5.999594 
113 4 -0.112094 
114 1 -7.883328 
114 2 -2.508328 
114 3 -5.635169 
114 4 0.527331 
115 1 -8.015592 
115 2 -2.515592 
115 3 -5.269140 
115 4 0.780860 
116 1 -8.148803 
116 2 -2.523803 
116 3 -4.901160 
116 4 1.061340 
117 1 -8.282449 
117 2 -2.544949 
117 3 -4.530845 
117 4 1.794155 
118 1 -8.415775 
118 2 -2.565775 
118 3 -4.157809 
118 4 2.504691 
119 1 -8.548380 
119 2 -2.573380 
119 3 -3.781596 
119 4 2.768404 
120 1 -8.679567 
120 2 -2.579567 
120 3 -3.401801 
120 4 6.598199 
121 1 -8.808739 
121 2 -2.583739 
121 3 -3.017968 
121 4 6.982032 
122 1 -8.934944 
122 2 -2.584944 
122 3 -2.629835 
122 4 7.370165 
123 1 -9.057788 
123 2 -2.582788 
123 3 -2.236813 
123 4 7.763187 
124 1 -9.175944 
124 2 -2.588444 
124 3 -1.838668 
124 4 8.161332 
125 1 -9.288794 
125 2 -2.588794 
125 3 -1.435533 
125 4 8.564467 
126 1 -9.395439 
126 2 -2.582939 
126 3 -1.027577 
126 4 8.972423 
127 1 -9.495044 
127 2 -2.582544 
127 3 -0.615038 
127 4 9.384962 
128 1 -9.585741 
128 2 -2.585741 
128 3 -0.198230 
128 4 9.801770 
129 1 -9.666412 
129 2 -2.216412 
129 3 3.022395 
129 4 10.222395 
130 1 -9.735438 
130 2 -2.035438 
130 3 3.046430 
130 4 10.646430 
131 1 -9.791050 
131 2 -1.841050 
131 3 3.073031 
131 4 11.073031 
132 1 -9.832096 
132 2 -1.257096 
132 3 3.151306 
132 4 11.501306 
133 1 -9.856858 
133 2 -1.044358 
133 3 3.180176 
133 4 11.930176 
134 1 -9.864188 
134 2 -0.464188 
134 3 3.258090 
134 4 12.358090 
135 1 -9.852784 
135 2 -0.277784 
135 3 3.283577 
135 4 12.783577 
136 1 -9.821758 
136 2 0.178242 
136 3 3.354822 
136 4 13.204822 
137 1 -9.770570 
137 2 0.229430 
137 3 3.619545 
137 4 13.619545 
138 1 -9.698548 
138 2 0.301452 
138 3 4.025393 
138 4 14.025393 
139 1 -9.606419 
139 2 0.393581 
139 3 4.420047 
139 4 14.420047 
140 1 -9.494463 
140 2 0.505537 
140 3 4.800941 
140 4 14.800941 
141 1 -9.364063 
141 2 0.635937 
141 3 5.165622 
141 4 15.165622 
142 1 -9.216881 
142 2 0.783119 
142 3 5.512064 
142 4 15.512064 
143 1 -9.054762 
143 2 0.945238 
143 3 5.837683 
143 4 15.837683 
144 1 -8.880742 
144 2 1.119258 
144 3 6.141505 
144 4 16.141505 
145 1 -8.697403 
145 2 1.302597 
145 3 6.421930 
145 4 16.421930 
146 1 -8.507775 
146 2 1.492225 
146 3 6.678059 
146 4 16.678059 
147 1 -8.315323 
147 2 1.684677 
147 3 6.910322 
147 4 16.910322 
148 1 -8.122786 
148 2 1.877214 
148 3 7.118520 
148 4 17.118520 
149 1 -7.933065 
149 2 2.066935 
149 3 7.303318 
149 4 17.303318 
150 1 -7.749219 
150 2 2.250781 
150 3 7.465872 
150 4 17.465872 
151 1 -7.573381 
151 2 2.426619 
151 3 7.607370 
151 4 17.607370 
152 1 -7.407761 
152 2 2.592239 
152 3 7.729005 
152 4 17.729005 
153 1 -7.254208 
153 2 2.745792 
153 3 7.832788 
153 4 17.832788 
154 1 -7.114259 
154 2 2.885741 
154 3 7.919579 
154 4 17.919579 
155 1 -6.988997 
155 2 3.011003 
155 3 7.991025 
155 4 17.991025 
156 1 -6.879687 
156 2 3.120313 
156 3 8.048822 
156 4 18.048822 
157 1 -6.786728 
157 2 3.213272 
157 3 8.094056 
157 4 18.094056 
158 1 -6.711089 
158 2 3.288911 
158 3 8.128573 
158 4 18.128573 
159 1 -6.652776 
159 2 3.347224 
159 3 8.153150 
159 4 18.153150 
160 1 -6.612204 
160 2 3.387796 
160 3 8.169014 
160 4 18.169014 
161 1 -6.589512 
161 2 3.410488 
161 3 8.177202 
161 4 18.177202 
162 1 -6.584512 
162 2 3.415488 
162 3 8.178802 
162 4 18.178802 
163 1 -6.597112 
163 2 3.402888 
163 3 8.174802 
163 4 18.174802 
164 1 -6.627243 
164 2 3.372757 
164 3 8.166243 
164 4 18.166243 
165 1 -6.674512 
165 2 3.325488 
165 3 8.154314 
165 4 18.154314 
166 1 -6.738412 
166 2 3.261588 
166 3 8.139216 
166 4 18.139216 
167 1 -6.818515 
167 2 3.181485 
167 3 8.122591 
167 4 18.122591 
168 1 -6.914193 
168 2 3.085807 
168 3 8.104844 
168 4 18.104844 
169 1 -7.024756 
169 2 2.975244 
169 3 8.087084 
169 4 18.087084 
170 1 -7.149419 
170 2 2.850581 
170 3 8.070176 
170 4 18.070176 
171 1 -7.287173 
171 2 2.712827 
171 3 8.054892 
171 4 18.054892 
172 1 -7.437147 
172 2 2.562853 
172 3 8.041908 
172 4 18.041908 
173 1 -7.597964 
173 2 2.402036 
173 3 8.031602 
173 4 18.031602 
174 1 -7.768661 
174 2 2.231339 
174 3 8.025053 
174 4 18.025053 
175 1 -7.947720 
175 2 2.052280 
175 3 8.022236 
175 4 18.022236 
176 1 -8.133857 
176 2 1.866143 
176 3 8.023618 
176 4 18.023618 
177 1 -8.325793 
177 2 1.674207 
177 3 8.029466 
177 4 18.029466 
178 1 -8.521679 
178 2 1.478321 
178 3 8.039219 
178 4 18.039219 
179 1 -8.720447 
179 2 1.279553 
179 3 8.053176 
179 4 18.053176 
180 1 -8.920322 
180 2 1.079678 
180 3 8.070866 
180 4 18.070866 
181 1 -9.119981 
181 2 0.880019 
181 3 8.091810 
181 4 18.091810 
182 1 -9.317881 
182 2 0.682119 
182 3 8.115476 
182 4 18.115476 
183 1 -9.512893 
183 2 0.487107 
183 3 8.141075 
183 4 18.141075 
184 1 -9.703453 
184 2 0.296547 
184 3 8.167971 
184 4 18.167971 
185 1 -9.888445 
185 2 0.111555 
185 3 8.195689 
185 4 18.195689 
186 1 -10.066535 
186 2 -0.066535 
186 3 8.223036 
186 4 18.223036 
187 1 -10.236751 
187 2 -0.236751 
187 3 8.249701 
187 4 18.249701 
188 1 -10.397896 
188 2 -0.397896 
188 3 8.274856 
188 4 18.274856 
189 1 -10.548994 
189 2 -0.548994 
189 3 8.298254 
189 4 18.298254 
190 1 -10.688940 
190 2 -0.688940 
190 3 8.319073 
190 4 18.319073 
191 1 -10.816730 
191 2 -0.816730 
191 3 8.336911 
191 4 18.336911 
192 1 -10.931538 
192 2 -0.931538 
192 3 8.351985 
192 4 18.351985 
193 1 -11.032414 
193 2 -1.032414 
193 3 8.364253 
193 4 18.364253 
194 1 -11.118502 
194 2 -1.118502 
194 3 8.373156 
194 4 18.373156 
195 1 -11.188812 
195 2 -1.188812 
195 3 8.379631 
195 4 18.379631 
196 1 -11.242758 
196 2 -1.242758 
196 3 8.383577 
196 4 18.383577 
197 1 -11.279327 
197 2 -1.279327 
197 3 8.385829 
197 4 18.385829 
198 1 -11.298022 
198 2 -1.298022 
198 3 8.386488 
198 4 18.386488 
199 1 -11.298022 
199 2 -1.298022 
199 3 8.386488 
199 4 18.386488 
200 1 -11.298022 
200 2 -1.298022 
200 3 8.386488 
200 4 18.386488 
