1 1 8.086810 
1 2 18.086810 
1 3 -14.823187 
1 4 -6.123187 
2 1 8.068507 
2 2 18.068507 
2 3 -14.811208 
2 4 -6.111208 
3 1 8.013723 
3 2 18.013723 
3 3 -14.875302 
3 4 -6.075302 
4 1 7.972759 
4 2 17.972759 
4 3 -14.848402 
4 4 -6.048402 
5 1 7.863459 
5 2 17.863459 
5 3 -14.873702 
5 4 -5.973702 
6 1 7.724428 
6 2 17.724428 
6 3 -14.875442 
6 4 -5.975442 
7 1 7.549771 
7 2 17.549771 
7 3 -14.844923 
7 4 -5.944923 
8 1 7.547353 
8 2 17.347353 
8 3 -14.783487 
8 4 -5.983487 
9 1 7.534770 
9 2 17.234770 
9 3 -14.788723 
9 4 -5.988723 
10 1 7.589991 
10 2 16.989991 
10 3 -14.868221 
10 4 -5.968221 
11 1 7.529305 
11 2 16.729305 
11 3 -14.811839 
11 4 -6.011839 
12 1 7.551532 
12 2 16.451532 
12 3 -14.707969 
12 4 -6.007969 
13 1 7.606932 
13 2 16.306932 
13 3 -14.535543 
13 4 -5.935543 
14 1 7.617564 
14 2 16.017564 
14 3 -14.157392 
14 4 -5.957392 
15 1 7.885485 
15 2 15.685485 
15 3 -13.780799 
15 4 -5.680799 
16 1 7.577628 
16 2 15.277628 
16 3 -13.473951 
16 4 -5.973951 
17 1 7.573924 
17 2 14.873924 
17 3 -13.170228 
17 4 -5.970228 
18 1 7.571629 
18 2 14.671629 
18 3 -13.018033 
18 4 -6.018033 
19 1 7.563882 
19 2 14.263882 
19 3 -12.711269 
19 4 -6.011269 
20 1 7.560234 
20 2 13.860234 
20 3 -12.407587 
20 4 -6.007587 
21 1 7.556585 
21 2 13.456585 
21 3 -12.103906 
21 4 -6.003906 
22 1 7.852373 
22 2 13.352373 
22 3 -11.453949 
22 4 -5.653949 
23 1 7.848836 
23 2 13.348836 
23 3 -11.121199 
23 4 -5.621199 
24 1 8.223396 
24 2 13.423396 
24 3 -10.461834 
24 4 -2.461834 
25 1 8.184092 
25 2 13.484092 
25 3 -9.866026 
25 4 -2.466026 
26 1 8.179557 
26 2 13.479557 
26 3 -9.329081 
26 4 -2.429081 
27 1 8.191111 
27 2 13.491111 
27 3 -9.061185 
27 4 -2.461185 
28 1 8.225847 
28 2 13.525847 
28 3 -8.525503 
28 4 -2.425503 
29 1 7.921984 
29 2 9.421984 
29 3 -3.582827 
29 4 -2.082827 
30 1 7.287482 
30 2 8.787482 
30 3 -2.962828 
30 4 -1.462828 
31 1 6.635775 
31 2 8.435775 
31 3 -2.656597 
31 4 -1.156597 
32 1 6.630967 
32 2 8.430967 
32 3 -2.626082 
32 4 -1.126082 
33 1 5.921869 
33 2 8.121869 
33 3 -2.366188 
33 4 -0.566188 
34 1 6.010619 
34 2 7.810619 
34 3 -2.301563 
34 4 -0.201563 
35 1 5.343061 
35 2 7.443061 
35 3 -2.075912 
35 4 0.124088 
36 1 4.699510 
36 2 7.199510 
36 3 -1.714066 
36 4 0.385934 
37 1 4.664142 
37 2 6.864142 
37 3 -1.674108 
37 4 4.425892 
38 1 4.065512 
38 2 6.865512 
38 3 -1.391169 
38 4 4.508831 
39 1 3.393385 
39 2 6.793385 
39 3 -1.028336 
39 4 4.971664 
40 1 2.752522 
40 2 6.852522 
40 3 -0.742407 
40 4 5.457593 
41 1 2.746807 
41 2 6.846807 
41 3 -0.737669 
41 4 5.862331 
42 1 -1.179124 
42 2 6.820876 
42 3 -0.413975 
42 4 5.886025 
43 1 -1.841772 
43 2 6.858228 
43 3 -0.453481 
43 4 5.846519 
44 1 -2.480707 
44 2 6.819293 
44 3 -0.398607 
44 4 5.701393 
45 1 -3.087349 
45 2 6.812651 
45 3 -0.447273 
45 4 5.452727 
46 1 -3.379025 
46 2 6.620975 
46 3 -0.413391 
46 4 5.286609 
47 1 -3.896810 
47 2 6.103190 
47 3 -0.401893 
47 4 5.198107 
48 1 -4.392223 
48 2 5.607777 
48 3 -0.453434 
48 4 5.246566 
49 1 -4.892692 
49 2 5.107308 
49 3 -0.404481 
49 4 5.295519 
50 1 -5.388105 
50 2 0.711895 
50 3 -0.756023 
50 4 5.343977 
51 1 -5.635812 
51 2 0.464188 
51 3 -1.031794 
51 4 5.368206 
52 1 -6.136281 
52 2 0.463719 
52 3 -1.082841 
52 4 5.417159 
53 1 -6.631694 
53 2 0.068306 
53 3 -2.334383 
53 4 5.465617 
54 1 -7.127108 
54 2 0.072892 
54 3 -2.385924 
54 4 5.514076 
55 1 -7.627576 
55 2 0.072424 
55 3 -2.336972 
55 4 5.563028 
56 1 -7.875283 
56 2 0.124717 
56 3 -2.312742 
56 4 5.587258 
57 1 -8.370697 
57 2 -0.170697 
57 3 -3.964284 
57 4 5.635716 
58 1 -8.871165 
58 2 -0.171165 
58 3 -3.915331 
58 4 5.684669 
59 1 -9.366579 
59 2 -0.166579 
59 3 -3.966873 
59 4 5.733127 
60 1 -9.614285 
60 2 -0.214285 
60 3 -3.942644 
60 4 5.757356 
61 1 -10.114754 
61 2 -0.214754 
61 3 -3.993691 
61 4 5.806309 
62 1 -10.610168 
62 2 -0.610168 
62 3 -4.145233 
62 4 5.854767 
63 1 -11.105581 
63 2 -1.105581 
63 3 -4.096774 
63 4 5.903226 
64 1 -11.565807 
64 2 -1.565807 
64 3 -3.750123 
64 4 6.249877 
65 1 -11.754895 
65 2 -1.754895 
65 3 -3.483356 
65 4 6.516644 
66 1 -12.062275 
66 2 -2.062275 
66 3 -2.903138 
66 4 7.096862 
67 1 -12.271723 
67 2 -2.271723 
67 3 -2.274865 
67 4 7.725135 
68 1 -12.372281 
68 2 -2.372281 
68 3 -1.647552 
68 4 8.352448 
69 1 -12.374970 
69 2 -2.374970 
69 3 -1.065552 
69 4 8.934448 
70 1 -12.346575 
70 2 -2.346575 
70 3 -0.792315 
70 4 9.207685 
71 1 -12.247855 
71 2 -2.247855 
71 3 -0.301383 
71 4 9.698617 
72 1 -12.105119 
72 2 -2.105119 
72 3 0.124731 
72 4 10.124731 
73 1 -11.938681 
73 2 -1.938681 
73 3 0.490066 
73 4 10.490066 
74 1 -11.766407 
74 2 -1.766407 
74 3 0.786474 
74 4 10.786474 
75 1 -11.680741 
75 2 -1.680741 
75 3 0.914841 
75 4 10.914841 
76 1 -11.521538 
76 2 -1.521538 
76 3 1.130024 
76 4 11.130024 
77 1 -11.386457 
77 2 -1.386457 
77 3 1.288916 
77 4 11.288916 
78 1 -11.277743 
78 2 -1.277743 
78 3 1.407144 
78 4 11.407144 
79 1 -11.237026 
79 2 -1.237026 
79 3 1.450383 
79 4 11.450383 
80 1 -11.180609 
80 2 -1.180609 
80 3 1.508302 
80 4 11.508302 
81 1 -11.159633 
81 2 -1.159633 
81 3 1.528550 
81 4 11.528550 
82 1 -11.145050 
82 2 -1.145050 
82 3 1.506538 
82 4 11.506538 
83 1 -11.097747 
83 2 -1.097747 
83 3 1.434179 
83 4 11.434179 
84 1 -11.061466 
84 2 -1.061466 
84 3 1.377663 
84 4 11.377663 
85 1 -10.971262 
85 2 -0.971262 
85 3 1.233133 
85 4 11.233133 
86 1 -10.863181 
86 2 -0.863181 
86 3 1.027561 
86 4 11.027561 
87 1 -10.743993 
87 2 -0.743993 
87 3 0.771538 
87 4 10.771538 
88 1 -10.621961 
88 2 -0.621961 
88 3 0.443511 
88 4 10.443511 
89 1 -10.571618 
89 2 -0.571618 
89 3 0.258711 
89 4 10.258711 
90 1 -10.484669 
90 2 -0.484669 
90 3 -0.160777 
90 4 9.839223 
91 1 -10.441930 
91 2 -0.441930 
91 3 -0.627461 
91 4 9.372539 
92 1 -10.451348 
92 2 -0.451348 
92 3 -1.055814 
92 4 8.944186 
93 1 -10.468765 
93 2 -0.468765 
93 3 -1.251269 
93 4 8.748731 
94 1 -10.528026 
94 2 -0.528026 
94 3 -1.594142 
94 4 8.405858 
95 1 -10.598690 
95 2 -0.598690 
95 3 -1.864694 
95 4 8.135306 
96 1 -10.669587 
96 2 -0.669587 
96 3 -2.089804 
96 4 7.910196 
97 1 -10.730188 
97 2 -0.730188 
97 3 -2.244035 
97 4 7.755965 
98 1 -10.755569 
98 2 -0.755569 
98 3 -2.306324 
98 4 7.693676 
99 1 -10.789552 
99 2 -0.789552 
99 3 -2.387783 
99 4 7.612217 
100 1 -10.800234 
100 2 -0.800234 
100 3 -2.412954 
100 4 7.587046 
