1 1 10.373124 
1 2 18.473124 
1 3 -14.842271 
1 4 -6.642271 
2 1 10.353314 
2 2 18.453314 
2 3 -14.836884 
2 4 -6.636884 
3 1 10.293898 
3 2 18.393898 
3 3 -14.820724 
3 4 -6.620724 
4 1 10.249346 
4 2 18.449346 
4 3 -14.808607 
4 4 -6.608607 
5 1 10.129902 
5 2 18.429902 
5 3 -14.873630 
5 4 -6.573630 
6 1 9.976785 
6 2 18.476785 
6 3 -14.826263 
6 4 -6.526263 
7 1 9.782426 
7 2 18.382426 
7 3 -14.860417 
7 4 -6.460417 
8 1 9.554203 
8 2 18.454203 
8 3 -14.875001 
8 4 -6.375001 
9 1 9.425795 
9 2 18.425795 
9 3 -14.823041 
9 4 -6.323041 
10 1 9.142618 
10 2 18.442618 
10 3 -14.797132 
10 4 -6.197132 
11 1 8.834500 
11 2 18.434500 
11 3 -14.843747 
11 4 -6.043747 
12 1 8.497470 
12 2 18.397470 
12 3 -14.852878 
12 4 -5.852878 
13 1 8.317917 
13 2 18.317917 
13 3 -14.840789 
13 4 -5.740789 
14 1 7.948701 
14 2 17.948701 
14 3 -14.786825 
14 4 -5.686825 
15 1 7.858977 
15 2 17.558977 
15 3 -14.790305 
15 4 -5.690305 
16 1 7.851120 
16 2 17.151120 
16 3 -14.783457 
16 4 -5.683457 
17 1 7.847416 
17 2 16.747416 
17 3 -14.579734 
17 4 -5.679734 
18 1 7.845121 
18 2 16.545121 
18 3 -14.427539 
18 4 -5.627539 
19 1 7.937375 
19 2 16.137375 
19 3 -14.120775 
19 4 -5.620775 
20 1 7.933726 
20 2 15.733726 
20 3 -13.817093 
20 4 -5.617093 
21 1 7.530078 
21 2 15.330078 
21 3 -13.513412 
21 4 -6.013412 
22 1 7.572394 
22 2 14.972394 
22 3 -13.148710 
22 4 -5.948710 
23 1 7.520957 
23 2 14.820957 
23 3 -12.945902 
23 4 -5.945902 
24 1 7.869507 
24 2 14.569507 
24 3 -12.507099 
24 4 -5.607099 
25 1 7.876501 
25 2 14.376501 
25 3 -12.034040 
25 4 -5.634040 
26 1 8.215871 
26 2 14.215871 
26 3 -11.554956 
26 4 -2.454956 
27 1 8.248001 
27 2 14.148001 
27 3 -11.311780 
27 4 -2.411780 
28 1 8.236256 
28 2 14.036256 
28 3 -10.813769 
28 4 -2.413769 
29 1 8.193462 
29 2 13.893462 
29 3 -10.329112 
29 4 -2.429112 
30 1 8.216646 
30 2 13.716646 
30 3 -9.855809 
30 4 -2.455809 
31 1 8.206152 
31 2 13.506152 
31 3 -9.390852 
31 4 -2.490852 
32 1 8.201345 
32 2 13.401345 
32 3 -9.160338 
32 4 -2.460338 
33 1 8.192246 
33 2 13.192246 
33 3 -8.700444 
33 4 -2.400444 
34 1 7.580996 
34 2 9.080996 
34 3 -3.335819 
34 4 -1.835819 
35 1 7.234857 
35 2 8.734857 
35 3 -2.994897 
35 4 -1.494897 
36 1 6.612277 
36 2 8.412277 
36 3 -2.705216 
36 4 -1.205216 
37 1 6.624179 
37 2 8.424179 
37 3 -2.629691 
37 4 -1.129691 
38 1 5.921590 
38 2 8.121590 
38 3 -2.323529 
38 4 -0.523529 
39 1 5.943157 
39 2 7.743157 
39 3 -2.388778 
39 4 -0.188778 
40 1 5.285955 
40 2 7.485955 
40 3 -2.024244 
40 4 0.075756 
41 1 4.645623 
41 2 7.145623 
41 3 -1.752448 
41 4 0.447552 
42 1 4.656050 
42 2 6.856050 
42 3 -1.690633 
42 4 4.309367 
43 1 4.031731 
43 2 6.831731 
43 3 -1.419170 
43 4 4.580830 
44 1 3.374454 
44 2 6.874454 
44 3 -1.021623 
44 4 4.778377 
45 1 3.390492 
45 2 6.790492 
45 3 -1.102358 
45 4 4.897642 
46 1 2.737538 
46 2 6.837538 
46 3 -0.774249 
46 4 4.925751 
47 1 2.736555 
47 2 6.836555 
47 3 -0.730128 
47 4 4.969872 
48 1 -2.058859 
48 2 6.841141 
48 3 -0.381670 
48 4 5.018330 
49 1 -2.559328 
49 2 6.840672 
49 3 -0.432717 
49 4 5.067283 
50 1 -3.054741 
50 2 6.845259 
50 3 -0.384259 
50 4 5.115741 
51 1 -3.302448 
51 2 6.697552 
51 3 -0.460030 
51 4 5.139970 
52 1 -3.802916 
52 2 6.197084 
52 3 -0.411077 
52 4 5.188923 
53 1 -4.298330 
53 2 5.701670 
53 3 -0.462618 
53 4 5.237382 
54 1 -4.793743 
54 2 5.206257 
54 3 -0.414160 
54 4 5.285840 
55 1 -5.294212 
55 2 0.705788 
55 3 -0.765207 
55 4 5.334793 
56 1 -5.541919 
56 2 0.758081 
56 3 -0.740978 
56 4 5.359022 
57 1 -6.037332 
57 2 0.462668 
57 3 -1.092520 
57 4 5.407480 
58 1 -6.537801 
58 2 0.062199 
58 3 -2.343567 
58 4 5.456433 
59 1 -7.033214 
59 2 0.066786 
59 3 -2.395109 
59 4 5.504891 
60 1 -7.280921 
60 2 0.119079 
60 3 -2.370879 
60 4 5.529121 
61 1 -7.781390 
61 2 0.118610 
61 3 -2.321927 
61 4 5.578073 
62 1 -8.276803 
62 2 -0.176803 
62 3 -3.973468 
62 4 5.626532 
63 1 -8.772217 
63 2 -0.172217 
63 3 -3.925010 
63 4 5.674990 
64 1 -9.270601 
64 2 -0.170601 
64 3 -3.928358 
64 4 5.771642 
65 1 -9.507111 
65 2 -0.207111 
65 3 -3.949798 
65 4 5.850202 
66 1 -9.955117 
66 2 -0.255117 
66 3 -3.931033 
66 4 6.068967 
67 1 -10.365161 
67 2 -0.365161 
67 3 -3.639307 
67 4 6.360693 
68 1 -10.708355 
68 2 -0.708355 
68 3 -3.299228 
68 4 6.700772 
69 1 -10.970964 
69 2 -0.970964 
69 3 -2.943170 
69 4 7.056830 
70 1 -11.075933 
70 2 -1.075933 
70 3 -2.762631 
70 4 7.237369 
71 1 -11.236471 
71 2 -1.236471 
71 3 -2.416514 
71 4 7.583486 
72 1 -11.339191 
72 2 -1.339191 
72 3 -2.091129 
72 4 7.908871 
73 1 -11.400987 
73 2 -1.400987 
73 3 -1.791943 
73 4 8.208057 
74 1 -11.427149 
74 2 -1.427149 
74 3 -1.533350 
74 4 8.466650 
75 1 -11.431886 
75 2 -1.431886 
75 3 -1.416414 
75 4 8.583586 
76 1 -11.430722 
76 2 -1.430722 
76 3 -1.212716 
76 4 8.787284 
77 1 -11.418443 
77 2 -1.418443 
77 3 -1.055366 
77 4 8.944634 
78 1 -11.404759 
78 2 -1.404759 
78 3 -0.933913 
78 4 9.066087 
79 1 -11.399633 
79 2 -1.399633 
79 3 -0.888471 
79 4 9.111529 
80 1 -11.391663 
80 2 -1.391663 
80 3 -0.826679 
80 4 9.173321 
81 1 -11.387869 
81 2 -1.387869 
81 3 -0.804815 
81 4 9.195185 
82 1 -11.389162 
82 2 -1.389162 
82 3 -0.825218 
82 4 9.174782 
83 1 -11.393374 
83 2 -1.393374 
83 3 -0.891608 
83 4 9.108392 
84 1 -11.396624 
84 2 -1.396624 
84 3 -0.942757 
84 4 9.057243 
85 1 -11.404796 
85 2 -1.404796 
85 3 -1.070935 
85 4 8.929065 
86 1 -11.432240 
86 2 -1.432240 
86 3 -1.246829 
86 4 8.753171 
87 1 -11.472917 
87 2 -1.472917 
87 3 -1.456768 
87 4 8.543232 
88 1 -11.543640 
88 2 -1.543640 
88 3 -1.712223 
88 4 8.287777 
89 1 -11.597799 
89 2 -1.597799 
89 3 -1.849282 
89 4 8.150718 
90 1 -11.732406 
90 2 -1.732406 
90 3 -2.145678 
90 4 7.854322 
91 1 -11.915209 
91 2 -1.915209 
91 3 -2.451229 
91 4 7.548771 
92 1 -12.112889 
92 2 -2.112889 
92 3 -2.709889 
92 4 7.290111 
93 1 -12.209343 
93 2 -2.209343 
93 3 -2.821959 
93 4 7.178041 
94 1 -12.399740 
94 2 -2.399740 
94 3 -3.006009 
94 4 6.993991 
95 1 -12.565820 
95 2 -2.565820 
95 3 -3.140266 
95 4 6.859734 
96 1 -12.708647 
96 2 -2.708647 
96 3 -3.246918 
96 4 6.753082 
97 1 -12.816191 
97 2 -2.816191 
97 3 -3.314210 
97 4 6.685790 
98 1 -12.859315 
98 2 -2.859315 
98 3 -3.341182 
98 4 6.658818 
99 1 -12.915470 
99 2 -2.915470 
99 3 -3.376292 
99 4 6.623708 
100 1 -12.932770 
100 2 -2.932770 
100 3 -3.387105 
100 4 6.612895 
